日本
1,723,682
100

13,685
18,306
七四.一%
東京都
381,796
21

27,349
3,155
大阪府
202,692
39

22,972
3,053
神奈川縣
168,973
9

18,654
1,311
埼玉縣
115,647
2

15,759
1,047
愛知縣
106,720
16

14,130
1,156
千葉縣
100,350
3

15,984
1,026
兵庫縣
78,549
2

14,361
1,396
福岡縣
74,469
2

14,575
622
北海道
60,819
10

11,516
1,472
沖繩縣
50,273
4

34,501
396
京都府
35,907
3

13,756
291
靜岡縣
26,759
1

7,355
209
茨城縣
24,413
4

8,503
218
廣島縣
22,104
7

7,862
202
岐阜縣
18,868
5

9,475
218
群馬縣
16,809
1

8,675
176
宮城縣
16,273
0

7,058
118
奈良縣
15,619
4

11,816
149
栃木縣
15,455
0

7,951
116
岡山縣
15,386
10

8,070
136
三重縣
14,806
0

8,309
163
熊本縣
14,394
0

8,234
136
滋賀縣
12,415
1

8,805
104
福島縣
9,484
0

5,131
175
鹿兒島縣
9,102
0

5,690
66
長野縣
8,879
2

4,326
97
大分縣
8,186
0

7,204
84
新潟縣
7,999
0

3,591
61
石川縣
7,963
0

6,982
129
宮崎縣
6,137
0

5,719
41
長崎縣
6,118
0

4,656
73
青森縣
5,895
0

4,719
38
佐賀縣
5,861
0

7,243
30
山口縣
5,758
4

4,180
93
愛媛縣
5,404
3

4,027
82
和歌山縣
5,295
0

5,607
62
山梨縣
5,155
0

6,308
29
富山縣
4,867
0

4,659
52
香川縣
4,700
0

4,951
38
高知縣
4,166
0

5,484
33
