馬來西亞
2,506,309
4,543

76,557
29,291
七五%
雪蘭莪
664,024
無資料

114,685
624,641
沙巴
189,323
無資料

53,481
168,086
砂拉越
188,843
無資料

72,097
145,032
柔佛
184,221
無資料

52,686
152,550
吉打
128,551
無資料

62,045
117,622
吉蘭丹
106,330
無資料

53,138
93,392
森美蘭
96,054
無資料

87,441
92,943
霹靂
94,842
無資料

38,765
81,005
彭亨
59,094
無資料

36,406
48,737
檳城
57,949
無資料

35,170
6
登嘉樓
50,190
無資料

44,613
40,876
麻六甲
38,375
無資料

41,144
11
納閩島
9,740
無資料

無資料
0
